#Team2 calibrated rlc/tlc + ACCA camera_matrix

#logitech webcam finale
# camera_matrix: [484.112610, 0.000000, 302.908797, 0.000000,
# 0.000000, 488.804047, 268.598022, 0.000000,
# 0.000000, 0.000000, 1.000000, 0.000000]

# tlc: [0. ,-0.5, -0.]

# rlc: [0.9978264014792766, 0.025386184755771014, 0.06081129939791958, 
# -0.026059294824835266, 0.9996073209503443, 0.010301313300133143, 
# -0.06052590903199943, -0.01186362196047418, 0.9980961220292507]

#ccd cam start
camera_matrix: [1822.640747, 0.000000, 846.341303, 0.000000,
0.000000, 1819.883301, 587.184833, 0.000000,
0.000000, 0.000000, 1.000000, 0.000000]

tlc: [0.08 ,-0.4, -0.]

rlc: [0.9978264014792766, 0.025386184755771014, 0.06081129939791958, -0.026059294824835266, 0.9996073209503443, 0.010301313300133143, -0.06052590903199943, -0.01186362196047418, 0.9980961220292507]
