#Team2 calibrated rlc/tlc + ACCA camera_matrix

# ACCA camera matrix (from head_camera)
# camera_matrix:  [506.12903, 0., 303.95968, 0.,
#  0., 507.94434, 269.42947, 0., 
#   0., 0., 1., 0.]



#230816
camera_matrix: [484.112610, 0.000000, 302.908797, 0.000000,
0.000000, 488.804047, 268.598022, 0.000000,
0.000000, 0.000000, 1.000000, 0.000000]
#cam 안쓰는거
# camera_matrix: [490.022858, 0.000000, 320.673349, 0.000000,
# 0.000000, 495.454285, 260.260849, 0.000000,
# 0.000000, 0.000000, 1.000000, 0.000000]


#original package
# camera_matrix: [915.818857, 0.000000, 644.015094, 0.000000, 
# 0.000000, 925.069885, 372.912666, 0.000000,
# 0.000000, 0.0000000, 1.000000, 0.000000]

# rlc:  [   0.999715  ,-0.00610437 ,0.023068,  
#   0.0113064 , 0.972496   ,-0.232646,  
#  -0.0210134 , 0.23284    ,0.972288 ]

# tlc: [-0.0149389263, -0.059792, -0.4993134]




#roll -8 pitch -2 yaw 1 (o)
# rlc: [0.9992386149554826, -0.012426229394975221, -0.03698349908908466,
#  0.017441774902830158, 0.9902020136985238, 0.1385487515484266, 
#  0.03489949670250097, -0.13908832046729191, 0.9896648241902408]

#roll -4 pitch -6 yaw 1
# rlc: [0.9943704248665338, -0.01011946678531631, -0.10547537410566492, 0.01735680032874465, 0.9975393712904962, 0.06792602010797823, 0.10452846326765347, -0.06937434048221469, 0.9920992900156518]

#roll -6 pitch -2 yaw 1
# rlc: [0.9992386149554826, -0.01370936517627974, -0.03652730058890583, 0.017441774902830158, 0.9944340910839415, 0.10390679948056383, 0.03489949670250097, -0.10446478735209537, 0.9939160595006973]

#roll -10 pitch -2 yaw 
# rlc: [0.9992386149554826, -0.011127954167266828, -0.037394638892494746, 0.017441774902830158, 0.9847635276883416, 0.17302190330432674, 0.03489949670250097, -0.17354239588891238, 0.9842078347376879]


# tlc: [0. ,-0.35, -0.3]
# tlc: [0. ,-0.35, -0.3]
tlc: [0. ,-0.5, -0.]

# Do not try again..


#Better results
#roll 10 pitch -2 yaw -1
# rlc: [0.9992386149554826, 0.011127954167266828, -0.037394638892494746, 
# -0.017441774902830158, 0.9847635276883416, -0.17302190330432674, 
# 0.03489949670250097, 0.17354239588891238, 0.9842078347376879]

#roll 7 pitch -2 yaw -1
# rlc: [0.9992386149554826, 0.011127954167266828, -0.037394638892494746,
#  -0.017441774902830158, 0.9847635276883416, -0.17302190330432674, 
#  0.03489949670250097, 0.17354239588891238, 0.9842078347376879]

#roll 5 pitch -3 yaw -2 (best!!!!!)
# rlc: [0.9980211966240684, 0.030208093111266106, -0.05514673335424055,
#  -0.034851668155187324, 0.9957470330341601, -0.08528310167007327,
#   0.052335956242943835, 0.0870362988312832, 0.994829447880333]


#1.
# rlc: [0.9934641356998801, 0.07575598760349904, 0.08538173938441809, -0.07689640387349066, 0.9969874912833704, 0.010143238921386268, -0.08435611506829369, -0.016642492803357733, 0.9962966793500192]

#2
# rlc: [0.9968533545141741, 0.0032080306503834274, 0.07920289220214424, -0.004541006814060025, 0.9998509753625995, 0.016655519312623795, -0.07913765760339979, -0.016962771171147837, 0.9967193664935192]

#3
# rlc: [0.9928548655625341, 0.08474745233628611, 0.08400645958086402, -0.0858683417857917, 0.99625815346046, 0.009814252009865684, -0.08286038744635994, -0.01695762324335595, 0.9964168782222507]


#230817 주차장 imu rlc
# rlc: [0.9949067970258938, 0.0587622442894996, 0.08189910791784043, -0.05734854286420324, 0.9981635602270063, -0.019510296417542462, -0.08289517394293557, 0.014714132016836662, 0.9964496396988467]

#230817 수정 roll = 0.846 pitch = 4.755 yaw = -2.299
# rlc: [0.9957561379804195, 0.041332938371105354, 0.08222713590980812, -0.03997629061443928, 0.9990370776525772, -0.01807798838666473, -0.08289517394293557, 0.014714132016836662, 0.9964496396988467]

# rlc: [0.9954519680338241, 0.04832390002078975, 0.08209859940563713, -0.0469443231345071, 0.9987233325630136, -0.018653029771893953, -0.08289517394293557, 0.014714132016836662, 0.9964496396988467]


# rlc: [0.9962885802718968, 0.024484216104759263, 0.08252022771141376, -0.023183074791290902, 0.9995919254779555, -0.016689145049847906, -0.08289517394293557, 0.014714132016836662, 0.9964496396988467]
# rlc: [0.9962885802718968, -0.022036992537171157, 0.08320718586591422, 0.023183074791290902, 0.9996488709936644, -0.012832761367439485, -0.08289517394293557, 0.014714132016836662, 0.9964496396988467]
# rlc: [0.9965582723237866, 0.0012239430114917517, 0.08288613772238494, 0.0, 0.9998909921998976, -0.014764948950276708, -0.08289517394293557, 0.014714132016836662, 0.9964496396988467]

#imu rlc
# rlc: [0.9697523661292661, 0.01710910868055863, 0.24349050656410953, -0.020533543728667763, 0.9997226473964784, 0.01153264343155333, -0.2432256605883366, -0.016183531219523588, 0.9698347134169998]

#roll = -0.767 pitch = 0.092 yaw = 1.448
# rlc: [0.9996793819863946, -0.02528890078302053, 0.0012667787836437125, 0.02526964486641861, 0.999590555970919, 0.013422572855984072, -0.0016057022218424288, -0.013386258287350522, 0.9999091107742939]

# rlc: [0.9977347998612308, 0.04617188336277693, -0.04892265663885916, -0.04508002883014604, 0.9987141414365259, 0.023191694534382357, 0.049930553236898836, -0.020933725932977678, 0.9985332838578894]

# rlc: [0.9987877466221373, 0.02661494103741049, -0.04140872022953878, -0.026154177597312235, 0.9995902725455853, 0.011629532512131016, 0.04170127326211158, -0.010532423549099447, 0.9990746077558478]

rlc: [0.9978264014792766, 0.025386184755771014, 0.06081129939791958, 
-0.026059294824835266, 0.9996073209503443, 0.010301313300133143, 
-0.06052590903199943, -0.01186362196047418, 0.9980961220292507]

