# NOTE: This is just an example calibration file, always use your own calibration when doing any image rectification or un-distortion.

image_width: 1624
image_height: 1234
camera_name: camera
camera_matrix:
  rows: 3
  cols: 3
  data: [1907.076914, 0.000000, 775.065966,
0.000000, 1909.121659, 621.452010,
0.000000, 0.000000, 1.000000]

distortion_model: plumb_bob
distortion_coefficients:
  rows: 1
  cols: 5
  data: [-0.150253, 0.473750, 0.000719, -0.007101, 0.000000]
rectification_matrix:
  rows: 3
  cols: 3
  data: [1.000000, 0.000000, 0.000000,
0.000000,1.000000, 0.000000,
0.000000, 0.000000, 1.000000]
projection_matrix:
  rows: 3
  cols: 4
  data: [1898.875854, 0.000000, 768.277973, 0.000000,
0.000000, 1908.229858, 621.992805, 0.000000,
0.000000, 0.000000, 1.000000, 0.000000]




# [image]

# width
# 1624

# height
# 1234

# [narrow_stereo]

# camera matrix
# 1907.076914 0.000000 775.065966
# 0.000000 1909.121659 621.452010
# 0.000000 0.000000 1.000000

# distortion
# -0.150253 0.473750 0.000719 -0.007101 0.000000

# rectification
# 1.000000 0.000000 0.000000
# 0.000000 1.000000 0.000000
# 0.000000 0.000000 1.000000

# projection
# 1898.875854 0.000000 768.277973 0.000000
# 0.000000 1908.229858 621.992805 0.000000
# 0.000000 0.000000 1.000000 0.000000


# [INFO] [1663580746.768866]: Re-projection error after LM refinement (RMSE) in px: 59.39536670880537
# Euler angles (RPY): (0.025757786008396226, -1.1853217426278788, 1.5845632286752414)
# Rotation Matrix: [[-0.00517618 -0.99924502  0.03850455]
#  [ 0.37596331 -0.03762468 -0.92587039]
#  [ 0.92662009  0.00968383  0.37587421]]
# Translation Offsets: [[-0.04149146 -0.81393358  0.10618803]]
